Matrix: 9 by 7
row 0:              0           -0.1              0              0 
             0    -1.57079633     1.57079633 
row 1:              0           -0.1              0              0 
             0    -1.57079633     1.57079633 
row 2:              0           -0.1              0              0 
             0    -1.57079633     1.57079633 
row 3:              0           -0.1              0              0 
             0    -1.57079633     1.57079633 
row 4:              0           -0.1              0              0 
             0    -1.57079633     1.57079633 
row 5:              0           -0.1              0              0 
             0    -1.57079633     1.57079633 
row 6:              0           -0.1              0              0 
             0    -1.57079633     1.57079633 
row 7:              0           -0.1              0              0 
             0    -1.57079633     1.57079633 
row 8:              0           -0.1              0              0 
             0    -1.57079633     1.57079633 
Matrix: 9 by 12
row 0:            0.3           0.03          1e-08              0 
     0.0001618      0.0001584       9.38e-05              0              0 
        -3e-08          0.001            0.1 
row 1:            0.3           0.03          1e-08              0 
     0.0001618      0.0001584       9.38e-05              0              0 
        -3e-08          0.001            0.1 
row 2:            0.3           0.03          1e-08              0 
     0.0001618      0.0001584       9.38e-05              0              0 
        -3e-08          0.001            0.1 
row 3:            0.3           0.03          1e-08              0 
     0.0001618      0.0001584       9.38e-05              0              0 
        -3e-08          0.001            0.1 
row 4:            0.3           0.03          1e-08              0 
     0.0001618      0.0001584       9.38e-05              0              0 
        -3e-08          0.001            0.1 
row 5:            0.3           0.03          1e-08              0 
     0.0001618      0.0001584       9.38e-05              0              0 
        -3e-08          0.001            0.1 
row 6:            0.3           0.03          1e-08              0 
     0.0001618      0.0001584       9.38e-05              0              0 
        -3e-08          0.001            0.1 
row 7:            0.3           0.03          1e-08              0 
     0.0001618      0.0001584       9.38e-05              0              0 
        -3e-08          0.001            0.1 
row 8:            0.3           0.03          1e-08              0 
     0.0001618      0.0001584       9.38e-05              0              0 
        -3e-08          0.001            0.1 
Matrix: 1 by 4
row 0:            0.3           0.03              0              0 
Matrix: 1 by 27
row 0:  0.00677612993    0.385844115    0.617532097     0.61334274 
   0.374876243 -0.00678088386   -0.385847932   -0.617533519   -0.613341223 
   0.677588228    0.544009293     0.20263636   -0.216137126   -0.552353203 
  -0.677588176   -0.544006325   -0.202631609    0.216141844  -0.0074294736 
  -0.423046592    -0.67707356   -0.672480271   -0.411021215   0.0074346859 
   0.423050776    0.677075118    0.672478609 
Matrix: 1 by 9
row 0:   -0.992406333   -0.606562221    0.010969853    0.624312615 
   0.999188846    0.992407962    0.606560036  -0.0109734689   -0.624314681 
